1
2
1
1
2
0
0
1
41
28
0
0
0
0
0
0
0
0
0
0
0
0
0
0
0
0
0
0
6
8
5
3
19
7
3
22
0
0
3
12
0
6
4
1
8
16
0
0
0
0
2
0
0
1
0
0
0
0
0
0
0
0
0
0
0
7
0
0
0
0
0
0
0
0
0
0
0
0
0
0
3
3
1
2
7
2
6
0
2
10
3
4
4
0
9
6
8
10
6
1
0
1
0
0
0
0
1
0
0
0
1
0
0
0
0
0
0
0
0
0
0
0
0
0
0
0
0
0
0
0
0
4
2
2
1
0
2
2
1
4
1
2
1
0
0
0
1
1
1
1
1
1
1
1
2
2
1
2
1
1
1
1
1
0
0
0
0
0
4
1
1
1
2
2
10
7
0
1
3
4
3
0
8
4
7
6
0
0
2
7
1
6
2
0
4
0
2
4
5
13
4
0
0
1
7
4
15
2
6
13
21
3
3
8
9
10
4
1
12
3
5
2
6
6
1
10
10
11
9
5
3
25
2
5
11
13
7
14
16
11
4
3
27
0
0
0
14
4
16
4
11
0
0
6
15
6
10
2
9
11
3
12
5
9
16
4
8
6
24
4
3
5
9
15
4
5
33
6
15
10
12
20
9
7
12
8
11
4
10
9
0
0
0
0
0
0
14
3
2
0
0
0
0
0
2
0
0
11
4
6
0
0
6
0
3
1
1
0
0
11
2
0
1
4
13
37
4
0
13
36
0
4
0
1
0
4
9
11
